             207
   0.000000   0.000000   0.000000   0.000000  {/Symbol G}
   0.005814  -0.005814   0.005814   0.010000
   0.011628  -0.011628   0.011628   0.020000
   0.017442  -0.017442   0.017442   0.030000
   0.023256  -0.023256   0.023256   0.040000
   0.029070  -0.029070   0.029070   0.050000
   0.034884  -0.034884   0.034884   0.060000
   0.040698  -0.040698   0.040698   0.070000
   0.046512  -0.046512   0.046512   0.080000
   0.052326  -0.052326   0.052326   0.090000
   0.058140  -0.058140   0.058140   0.100000
   0.063953  -0.063953   0.063953   0.110000
   0.069767  -0.069767   0.069767   0.120000
   0.075581  -0.075581   0.075581   0.130000
   0.081395  -0.081395   0.081395   0.140000
   0.087209  -0.087209   0.087209   0.150000
   0.093023  -0.093023   0.093023   0.160000
   0.098837  -0.098837   0.098837   0.170000
   0.104651  -0.104651   0.104651   0.180000
   0.110465  -0.110465   0.110465   0.190000
   0.116279  -0.116279   0.116279   0.200000
   0.122093  -0.122093   0.122093   0.210000
   0.127907  -0.127907   0.127907   0.220000
   0.133721  -0.133721   0.133721   0.230000
   0.139535  -0.139535   0.139535   0.240000
   0.145349  -0.145349   0.145349   0.250000
   0.151163  -0.151163   0.151163   0.260000
   0.156977  -0.156977   0.156977   0.270000
   0.162791  -0.162791   0.162791   0.280000
   0.168605  -0.168605   0.168605   0.290000
   0.174419  -0.174419   0.174419   0.300000
   0.180233  -0.180233   0.180233   0.310000
   0.186047  -0.186047   0.186047   0.320000
   0.191860  -0.191860   0.191860   0.330000
   0.197674  -0.197674   0.197674   0.340000
   0.203488  -0.203488   0.203488   0.350000
   0.209302  -0.209302   0.209302   0.360000
   0.215116  -0.215116   0.215116   0.370000
   0.220930  -0.220930   0.220930   0.380000
   0.226744  -0.226744   0.226744   0.390000
   0.232558  -0.232558   0.232558   0.400000
   0.238372  -0.238372   0.238372   0.410000
   0.244186  -0.244186   0.244186   0.420000
   0.250000  -0.250000   0.250000   0.430000
   0.255814  -0.255814   0.255814   0.440000
   0.261628  -0.261628   0.261628   0.450000
   0.267442  -0.267442   0.267442   0.460000
   0.273256  -0.273256   0.273256   0.470000
   0.279070  -0.279070   0.279070   0.480000
   0.284884  -0.284884   0.284884   0.490000
   0.290698  -0.290698   0.290698   0.500000
   0.296512  -0.296512   0.296512   0.510000
   0.302326  -0.302326   0.302326   0.520000
   0.308140  -0.308140   0.308140   0.530000
   0.313953  -0.313953   0.313953   0.540000
   0.319767  -0.319767   0.319767   0.550000
   0.325581  -0.325581   0.325581   0.560000
   0.331395  -0.331395   0.331395   0.570000
   0.337209  -0.337209   0.337209   0.580000
   0.343023  -0.343023   0.343023   0.590000
   0.348837  -0.348837   0.348837   0.600000
   0.354651  -0.354651   0.354651   0.610000
   0.360465  -0.360465   0.360465   0.620000
   0.366279  -0.366279   0.366279   0.630000
   0.372093  -0.372093   0.372093   0.640000
   0.377907  -0.377907   0.377907   0.650000
   0.383721  -0.383721   0.383721   0.660000
   0.389535  -0.389535   0.389535   0.670000
   0.395349  -0.395349   0.395349   0.680000
   0.401163  -0.401163   0.401163   0.690000
   0.406977  -0.406977   0.406977   0.700000
   0.412791  -0.412791   0.412791   0.710000
   0.418605  -0.418605   0.418605   0.720000
   0.424419  -0.424419   0.424419   0.730000
   0.430233  -0.430233   0.430233   0.740000
   0.436047  -0.436047   0.436047   0.750000
   0.441860  -0.441860   0.441860   0.760000
   0.447674  -0.447674   0.447674   0.770000
   0.453488  -0.453488   0.453488   0.780000
   0.459302  -0.459302   0.459302   0.790000
   0.465116  -0.465116   0.465116   0.800000
   0.470930  -0.470930   0.470930   0.810000
   0.476744  -0.476744   0.476744   0.820000
   0.482558  -0.482558   0.482558   0.830000
   0.488372  -0.488372   0.488372   0.840000
   0.494186  -0.494186   0.494186   0.850000
   0.500000  -0.500000   0.500000   0.860000            H
   0.492857  -0.492857   0.500000   0.870000
   0.485714  -0.485714   0.500000   0.880000
   0.478571  -0.478571   0.500000   0.890000
   0.471429  -0.471429   0.500000   0.900000
   0.464286  -0.464286   0.500000   0.910000
   0.457143  -0.457143   0.500000   0.920000
   0.450000  -0.450000   0.500000   0.930000
   0.442857  -0.442857   0.500000   0.940000
   0.435714  -0.435714   0.500000   0.950000
   0.428571  -0.428571   0.500000   0.960000
   0.421429  -0.421429   0.500000   0.970000
   0.414286  -0.414286   0.500000   0.980000
   0.407143  -0.407143   0.500000   0.990000
   0.400000  -0.400000   0.500000   1.000000
   0.392857  -0.392857   0.500000   1.010000
   0.385714  -0.385714   0.500000   1.020000
   0.378571  -0.378571   0.500000   1.030000
   0.371429  -0.371429   0.500000   1.040000
   0.364286  -0.364286   0.500000   1.050000
   0.357143  -0.357143   0.500000   1.060000
   0.350000  -0.350000   0.500000   1.070000
   0.342857  -0.342857   0.500000   1.080000
   0.335714  -0.335714   0.500000   1.090000
   0.328571  -0.328571   0.500000   1.100000
   0.321429  -0.321429   0.500000   1.110000
   0.314286  -0.314286   0.500000   1.120000
   0.307143  -0.307143   0.500000   1.130000
   0.300000  -0.300000   0.500000   1.140000
   0.292857  -0.292857   0.500000   1.150000
   0.285714  -0.285714   0.500000   1.160000
   0.278571  -0.278571   0.500000   1.170000
   0.271429  -0.271429   0.500000   1.180000
   0.264286  -0.264286   0.500000   1.190000
   0.257143  -0.257143   0.500000   1.200000
   0.250000  -0.250000   0.500000   1.210000
   0.242857  -0.242857   0.500000   1.220000
   0.235714  -0.235714   0.500000   1.230000
   0.228571  -0.228571   0.500000   1.240000
   0.221429  -0.221429   0.500000   1.250000
   0.214286  -0.214286   0.500000   1.260000
   0.207143  -0.207143   0.500000   1.270000
   0.200000  -0.200000   0.500000   1.280000
   0.192857  -0.192857   0.500000   1.290000
   0.185714  -0.185714   0.500000   1.300000
   0.178571  -0.178571   0.500000   1.310000
   0.171429  -0.171429   0.500000   1.320000
   0.164286  -0.164286   0.500000   1.330000
   0.157143  -0.157143   0.500000   1.340000
   0.150000  -0.150000   0.500000   1.350000
   0.142857  -0.142857   0.500000   1.360000
   0.135714  -0.135714   0.500000   1.370000
   0.128571  -0.128571   0.500000   1.380000
   0.121429  -0.121429   0.500000   1.390000
   0.114286  -0.114286   0.500000   1.400000
   0.107143  -0.107143   0.500000   1.410000
   0.100000  -0.100000   0.500000   1.420000
   0.092857  -0.092857   0.500000   1.430000
   0.085714  -0.085714   0.500000   1.440000
   0.078571  -0.078571   0.500000   1.450000
   0.071429  -0.071429   0.500000   1.460000
   0.064286  -0.064286   0.500000   1.470000
   0.057143  -0.057143   0.500000   1.480000
   0.050000  -0.050000   0.500000   1.490000
   0.042857  -0.042857   0.500000   1.500000
   0.035714  -0.035714   0.500000   1.510000
   0.028571  -0.028571   0.500000   1.520000
   0.021429  -0.021429   0.500000   1.530000
   0.014286  -0.014286   0.500000   1.540000
   0.007143  -0.007143   0.500000   1.550000
   0.000000   0.000000   0.500000   1.560000            N
   0.000000   0.000000   0.490000   1.570000
   0.000000   0.000000   0.480000   1.580000
   0.000000   0.000000   0.470000   1.590000
   0.000000   0.000000   0.460000   1.600000
   0.000000   0.000000   0.450000   1.610000
   0.000000   0.000000   0.440000   1.620000
   0.000000   0.000000   0.430000   1.630000
   0.000000   0.000000   0.420000   1.640000
   0.000000   0.000000   0.410000   1.650000
   0.000000   0.000000   0.400000   1.660000
   0.000000   0.000000   0.390000   1.670000
   0.000000   0.000000   0.380000   1.680000
   0.000000   0.000000   0.370000   1.690000
   0.000000   0.000000   0.360000   1.700000
   0.000000   0.000000   0.350000   1.710000
   0.000000   0.000000   0.340000   1.720000
   0.000000   0.000000   0.330000   1.730000
   0.000000   0.000000   0.320000   1.740000
   0.000000   0.000000   0.310000   1.750000
   0.000000   0.000000   0.300000   1.760000
   0.000000   0.000000   0.290000   1.770000
   0.000000   0.000000   0.280000   1.780000
   0.000000   0.000000   0.270000   1.790000
   0.000000   0.000000   0.260000   1.800000
   0.000000   0.000000   0.250000   1.810000
   0.000000   0.000000   0.240000   1.820000
   0.000000   0.000000   0.230000   1.830000
   0.000000   0.000000   0.220000   1.840000
   0.000000   0.000000   0.210000   1.850000
   0.000000   0.000000   0.200000   1.860000
   0.000000   0.000000   0.190000   1.870000
   0.000000   0.000000   0.180000   1.880000
   0.000000   0.000000   0.170000   1.890000
   0.000000   0.000000   0.160000   1.900000
   0.000000   0.000000   0.150000   1.910000
   0.000000   0.000000   0.140000   1.920000
   0.000000   0.000000   0.130000   1.930000
   0.000000   0.000000   0.120000   1.940000
   0.000000   0.000000   0.110000   1.950000
   0.000000   0.000000   0.100000   1.960000
   0.000000   0.000000   0.090000   1.970000
   0.000000   0.000000   0.080000   1.980000
   0.000000   0.000000   0.070000   1.990000
   0.000000   0.000000   0.060000   2.000000
   0.000000   0.000000   0.050000   2.010000
   0.000000   0.000000   0.040000   2.020000
   0.000000   0.000000   0.030000   2.030000
   0.000000   0.000000   0.020000   2.040000
   0.000000   0.000000   0.010000   2.050000
   0.000000   0.000000   0.000000   2.060000  {/Symbol G}
