             142
   0.000000   0.000000   0.000000   0.000000  {/Symbol G}
   0.007091   0.007091   0.000000   0.010000
   0.014183   0.014183   0.000000   0.020000
   0.021274   0.021274   0.000000   0.030000
   0.028366   0.028366   0.000000   0.040000
   0.035457   0.035457   0.000000   0.050000
   0.042549   0.042549   0.000000   0.060000
   0.049640   0.049640   0.000000   0.070000
   0.056732   0.056732   0.000000   0.080000
   0.063823   0.063823   0.000000   0.090000
   0.070915   0.070915   0.000000   0.100000
   0.078006   0.078006   0.000000   0.110000
   0.085098   0.085098   0.000000   0.120000
   0.092189   0.092189   0.000000   0.130000
   0.099281   0.099281   0.000000   0.140000
   0.106372   0.106372   0.000000   0.150000
   0.113464   0.113464   0.000000   0.160000
   0.120555   0.120555   0.000000   0.170000
   0.127647   0.127647   0.000000   0.180000
   0.134738   0.134738   0.000000   0.190000
   0.141830   0.141830   0.000000   0.200000
   0.148921   0.148921   0.000000   0.210000
   0.156013   0.156013   0.000000   0.220000
   0.163104   0.163104   0.000000   0.230000
   0.170196   0.170196   0.000000   0.240000
   0.177287   0.177287   0.000000   0.250000
   0.184379   0.184379   0.000000   0.260000
   0.191470   0.191470   0.000000   0.270000
   0.198562   0.198562   0.000000   0.280000
   0.205653   0.205653   0.000000   0.290000
   0.212745   0.212745   0.000000   0.300000
   0.219836   0.219836   0.000000   0.310000
   0.226928   0.226928   0.000000   0.320000
   0.234019   0.234019   0.000000   0.330000
   0.241111   0.241111   0.000000   0.340000
   0.248202   0.248202   0.000000   0.350000
   0.255294   0.255294   0.000000   0.360000
   0.262385   0.262385   0.000000   0.370000
   0.269477   0.269477   0.000000   0.380000
   0.276568   0.276568   0.000000   0.390000
   0.283660   0.283660   0.000000   0.400000
   0.290751   0.290751   0.000000   0.410000
   0.297843   0.297843   0.000000   0.420000
   0.304934   0.304934   0.000000   0.430000
   0.312026   0.312026   0.000000   0.440000
   0.319117   0.319117   0.000000   0.450000
   0.326209   0.326209   0.000000   0.460000
   0.333300   0.333300   0.000000   0.470000            K
   0.340391   0.340391   0.000000   0.480000
   0.347483   0.347483   0.000000   0.490000
   0.354574   0.354574   0.000000   0.500000
   0.361666   0.361666   0.000000   0.510000
   0.368757   0.368757   0.000000   0.520000
   0.375849   0.375849   0.000000   0.530000
   0.382940   0.382940   0.000000   0.540000
   0.390032   0.390032   0.000000   0.550000
   0.397123   0.397123   0.000000   0.560000
   0.404215   0.404215   0.000000   0.570000
   0.411306   0.411306   0.000000   0.580000
   0.418398   0.418398   0.000000   0.590000
   0.425489   0.425489   0.000000   0.600000
   0.432581   0.432581   0.000000   0.610000
   0.439672   0.439672   0.000000   0.620000
   0.446764   0.446764   0.000000   0.630000
   0.453855   0.453855   0.000000   0.640000
   0.460947   0.460947   0.000000   0.650000
   0.468038   0.468038   0.000000   0.660000
   0.475130   0.475130   0.000000   0.670000
   0.482221   0.482221   0.000000   0.680000
   0.489313   0.489313   0.000000   0.690000
   0.496404   0.496404   0.000000   0.700000
   0.503496   0.503496   0.000000   0.710000
   0.510587   0.510587   0.000000   0.720000
   0.517679   0.517679   0.000000   0.730000
   0.524770   0.524770   0.000000   0.740000
   0.531862   0.531862   0.000000   0.750000
   0.538953   0.538953   0.000000   0.760000
   0.546045   0.546045   0.000000   0.770000
   0.553136   0.553136   0.000000   0.780000
   0.560228   0.560228   0.000000   0.790000
   0.567319   0.567319   0.000000   0.800000
   0.574411   0.574411   0.000000   0.810000
   0.581502   0.581502   0.000000   0.820000
   0.588594   0.588594   0.000000   0.830000
   0.595685   0.595685   0.000000   0.840000
   0.602777   0.602777   0.000000   0.850000
   0.609868   0.609868   0.000000   0.860000
   0.616960   0.616960   0.000000   0.870000
   0.624051   0.624051   0.000000   0.880000
   0.631143   0.631143   0.000000   0.890000
   0.638234   0.638234   0.000000   0.900000
   0.645326   0.645326   0.000000   0.910000
   0.652417   0.652417   0.000000   0.920000
   0.659509   0.659509   0.000000   0.930000
   0.666600   0.666600   0.000000   0.940000           K'
   0.673694   0.673694   0.000000   0.950000
   0.680787   0.680787   0.000000   0.960000
   0.687881   0.687881   0.000000   0.970000
   0.694974   0.694974   0.000000   0.980000
   0.702068   0.702068   0.000000   0.990000
   0.709162   0.709162   0.000000   1.000000
   0.716255   0.716255   0.000000   1.010000
   0.723349   0.723349   0.000000   1.020000
   0.730443   0.730443   0.000000   1.030000
   0.737536   0.737536   0.000000   1.040000
   0.744630   0.744630   0.000000   1.050000
   0.751723   0.751723   0.000000   1.060000
   0.758817   0.758817   0.000000   1.070000
   0.765911   0.765911   0.000000   1.080000
   0.773004   0.773004   0.000000   1.090000
   0.780098   0.780098   0.000000   1.100000
   0.787191   0.787191   0.000000   1.110000
   0.794285   0.794285   0.000000   1.120000
   0.801379   0.801379   0.000000   1.130000
   0.808472   0.808472   0.000000   1.140000
   0.815566   0.815566   0.000000   1.150000
   0.822660   0.822660   0.000000   1.160000
   0.829753   0.829753   0.000000   1.170000
   0.836847   0.836847   0.000000   1.180000
   0.843940   0.843940   0.000000   1.190000
   0.851034   0.851034   0.000000   1.200000
   0.858128   0.858128   0.000000   1.210000
   0.865221   0.865221   0.000000   1.220000
   0.872315   0.872315   0.000000   1.230000
   0.879409   0.879409   0.000000   1.240000
   0.886502   0.886502   0.000000   1.250000
   0.893596   0.893596   0.000000   1.260000
   0.900689   0.900689   0.000000   1.270000
   0.907783   0.907783   0.000000   1.280000
   0.914877   0.914877   0.000000   1.290000
   0.921970   0.921970   0.000000   1.300000
   0.929064   0.929064   0.000000   1.310000
   0.936157   0.936157   0.000000   1.320000
   0.943251   0.943251   0.000000   1.330000
   0.950345   0.950345   0.000000   1.340000
   0.957438   0.957438   0.000000   1.350000
   0.964532   0.964532   0.000000   1.360000
   0.971626   0.971626   0.000000   1.370000
   0.978719   0.978719   0.000000   1.380000
   0.985813   0.985813   0.000000   1.390000
   0.992906   0.992906   0.000000   1.400000
   1.000000   1.000000   0.000000   1.410000          K''
