             288
   0.000000   0.000000   0.000000   0.000000  {/Symbol G}
   0.005814   0.005814   0.005814   0.010000
   0.011628   0.011628   0.011628   0.020000
   0.017442   0.017442   0.017442   0.030000
   0.023256   0.023256   0.023256   0.040000
   0.029070   0.029070   0.029070   0.050000
   0.034884   0.034884   0.034884   0.060000
   0.040698   0.040698   0.040698   0.070000
   0.046512   0.046512   0.046512   0.080000
   0.052326   0.052326   0.052326   0.090000
   0.058140   0.058140   0.058140   0.100000
   0.063953   0.063953   0.063953   0.110000
   0.069767   0.069767   0.069767   0.120000
   0.075581   0.075581   0.075581   0.130000
   0.081395   0.081395   0.081395   0.140000
   0.087209   0.087209   0.087209   0.150000
   0.093023   0.093023   0.093023   0.160000
   0.098837   0.098837   0.098837   0.170000
   0.104651   0.104651   0.104651   0.180000
   0.110465   0.110465   0.110465   0.190000
   0.116279   0.116279   0.116279   0.200000
   0.122093   0.122093   0.122093   0.210000
   0.127907   0.127907   0.127907   0.220000
   0.133721   0.133721   0.133721   0.230000
   0.139535   0.139535   0.139535   0.240000
   0.145349   0.145349   0.145349   0.250000
   0.151163   0.151163   0.151163   0.260000
   0.156977   0.156977   0.156977   0.270000
   0.162791   0.162791   0.162791   0.280000
   0.168605   0.168605   0.168605   0.290000
   0.174419   0.174419   0.174419   0.300000
   0.180233   0.180233   0.180233   0.310000
   0.186047   0.186047   0.186047   0.320000
   0.191860   0.191860   0.191860   0.330000
   0.197674   0.197674   0.197674   0.340000
   0.203488   0.203488   0.203488   0.350000
   0.209302   0.209302   0.209302   0.360000
   0.215116   0.215116   0.215116   0.370000
   0.220930   0.220930   0.220930   0.380000
   0.226744   0.226744   0.226744   0.390000
   0.232558   0.232558   0.232558   0.400000
   0.238372   0.238372   0.238372   0.410000
   0.244186   0.244186   0.244186   0.420000
   0.250000   0.250000   0.250000   0.430000
   0.255814   0.255814   0.255814   0.440000
   0.261628   0.261628   0.261628   0.450000
   0.267442   0.267442   0.267442   0.460000
   0.273256   0.273256   0.273256   0.470000
   0.279070   0.279070   0.279070   0.480000
   0.284884   0.284884   0.284884   0.490000
   0.290698   0.290698   0.290698   0.500000
   0.296512   0.296512   0.296512   0.510000
   0.302326   0.302326   0.302326   0.520000
   0.308140   0.308140   0.308140   0.530000
   0.313953   0.313953   0.313953   0.540000
   0.319767   0.319767   0.319767   0.550000
   0.325581   0.325581   0.325581   0.560000
   0.331395   0.331395   0.331395   0.570000
   0.337209   0.337209   0.337209   0.580000
   0.343023   0.343023   0.343023   0.590000
   0.348837   0.348837   0.348837   0.600000
   0.354651   0.354651   0.354651   0.610000
   0.360465   0.360465   0.360465   0.620000
   0.366279   0.366279   0.366279   0.630000
   0.372093   0.372093   0.372093   0.640000
   0.377907   0.377907   0.377907   0.650000
   0.383721   0.383721   0.383721   0.660000
   0.389535   0.389535   0.389535   0.670000
   0.395349   0.395349   0.395349   0.680000
   0.401163   0.401163   0.401163   0.690000
   0.406977   0.406977   0.406977   0.700000
   0.412791   0.412791   0.412791   0.710000
   0.418605   0.418605   0.418605   0.720000
   0.424419   0.424419   0.424419   0.730000
   0.430233   0.430233   0.430233   0.740000
   0.436047   0.436047   0.436047   0.750000
   0.441860   0.441860   0.441860   0.760000
   0.447674   0.447674   0.447674   0.770000
   0.453488   0.453488   0.453488   0.780000
   0.459302   0.459302   0.459302   0.790000
   0.465116   0.465116   0.465116   0.800000
   0.470930   0.470930   0.470930   0.810000
   0.476744   0.476744   0.476744   0.820000
   0.482558   0.482558   0.482558   0.830000
   0.488372   0.488372   0.488372   0.840000
   0.494186   0.494186   0.494186   0.850000
   0.500000   0.500000   0.500000   0.860000            L
   0.490000   0.500000   0.500000   0.870000
   0.480000   0.500000   0.500000   0.880000
   0.470000   0.500000   0.500000   0.890000
   0.460000   0.500000   0.500000   0.900000
   0.450000   0.500000   0.500000   0.910000
   0.440000   0.500000   0.500000   0.920000
   0.430000   0.500000   0.500000   0.930000
   0.420000   0.500000   0.500000   0.940000
   0.410000   0.500000   0.500000   0.950000
   0.400000   0.500000   0.500000   0.960000
   0.390000   0.500000   0.500000   0.970000
   0.380000   0.500000   0.500000   0.980000
   0.370000   0.500000   0.500000   0.990000
   0.360000   0.500000   0.500000   1.000000
   0.350000   0.500000   0.500000   1.010000
   0.340000   0.500000   0.500000   1.020000
   0.330000   0.500000   0.500000   1.030000
   0.320000   0.500000   0.500000   1.040000
   0.310000   0.500000   0.500000   1.050000
   0.300000   0.500000   0.500000   1.060000
   0.290000   0.500000   0.500000   1.070000
   0.280000   0.500000   0.500000   1.080000
   0.270000   0.500000   0.500000   1.090000
   0.260000   0.500000   0.500000   1.100000
   0.250000   0.500000   0.500000   1.110000
   0.240000   0.500000   0.500000   1.120000
   0.230000   0.500000   0.500000   1.130000
   0.220000   0.500000   0.500000   1.140000
   0.210000   0.500000   0.500000   1.150000
   0.200000   0.500000   0.500000   1.160000
   0.190000   0.500000   0.500000   1.170000
   0.180000   0.500000   0.500000   1.180000
   0.170000   0.500000   0.500000   1.190000
   0.160000   0.500000   0.500000   1.200000
   0.150000   0.500000   0.500000   1.210000
   0.140000   0.500000   0.500000   1.220000
   0.130000   0.500000   0.500000   1.230000
   0.120000   0.500000   0.500000   1.240000
   0.110000   0.500000   0.500000   1.250000
   0.100000   0.500000   0.500000   1.260000
   0.090000   0.500000   0.500000   1.270000
   0.080000   0.500000   0.500000   1.280000
   0.070000   0.500000   0.500000   1.290000
   0.060000   0.500000   0.500000   1.300000
   0.050000   0.500000   0.500000   1.310000
   0.040000   0.500000   0.500000   1.320000
   0.030000   0.500000   0.500000   1.330000
   0.020000   0.500000   0.500000   1.340000
   0.010000   0.500000   0.500000   1.350000
   0.000000   0.500000   0.500000   1.360000            X
   0.005814   0.505814   0.494186   1.370000
   0.011628   0.511628   0.488372   1.380000
   0.017442   0.517442   0.482558   1.390000
   0.023256   0.523256   0.476744   1.400000
   0.029070   0.529070   0.470930   1.410000
   0.034884   0.534884   0.465116   1.420000
   0.040698   0.540698   0.459302   1.430000
   0.046512   0.546512   0.453488   1.440000
   0.052326   0.552326   0.447674   1.450000
   0.058140   0.558140   0.441860   1.460000
   0.063953   0.563953   0.436047   1.470000
   0.069767   0.569767   0.430233   1.480000
   0.075581   0.575581   0.424419   1.490000
   0.081395   0.581395   0.418605   1.500000
   0.087209   0.587209   0.412791   1.510000
   0.093023   0.593023   0.406977   1.520000
   0.098837   0.598837   0.401163   1.530000
   0.104651   0.604651   0.395349   1.540000
   0.110465   0.610465   0.389535   1.550000
   0.116279   0.616279   0.383721   1.560000
   0.122093   0.622093   0.377907   1.570000
   0.127907   0.627907   0.372093   1.580000
   0.133721   0.633721   0.366279   1.590000
   0.139535   0.639535   0.360465   1.600000
   0.145349   0.645349   0.354651   1.610000
   0.151163   0.651163   0.348837   1.620000
   0.156977   0.656977   0.343023   1.630000
   0.162791   0.662791   0.337209   1.640000
   0.168605   0.668605   0.331395   1.650000
   0.174419   0.674419   0.325581   1.660000
   0.180233   0.680233   0.319767   1.670000
   0.186047   0.686047   0.313953   1.680000
   0.191860   0.691860   0.308140   1.690000
   0.197674   0.697674   0.302326   1.700000
   0.203488   0.703488   0.296512   1.710000
   0.209302   0.709302   0.290698   1.720000
   0.215116   0.715116   0.284884   1.730000
   0.220930   0.720930   0.279070   1.740000
   0.226744   0.726744   0.273256   1.750000
   0.232558   0.732558   0.267442   1.760000
   0.238372   0.738372   0.261628   1.770000
   0.244186   0.744186   0.255814   1.780000
   0.250000   0.750000   0.250000   1.790000            W
   0.257353   0.750000   0.257353   1.800000
   0.264706   0.750000   0.264706   1.810000
   0.272059   0.750000   0.272059   1.820000
   0.279412   0.750000   0.279412   1.830000
   0.286765   0.750000   0.286765   1.840000
   0.294118   0.750000   0.294118   1.850000
   0.301471   0.750000   0.301471   1.860000
   0.308824   0.750000   0.308824   1.870000
   0.316176   0.750000   0.316176   1.880000
   0.323529   0.750000   0.323529   1.890000
   0.330882   0.750000   0.330882   1.900000
   0.338235   0.750000   0.338235   1.910000
   0.345588   0.750000   0.345588   1.920000
   0.352941   0.750000   0.352941   1.930000
   0.360294   0.750000   0.360294   1.940000
   0.367647   0.750000   0.367647   1.950000
   0.375000   0.750000   0.375000   1.960000            K
   0.370879   0.741758   0.370879   1.970000
   0.366758   0.733516   0.366758   1.980000
   0.362637   0.725275   0.362637   1.990000
   0.358516   0.717033   0.358516   2.000000
   0.354396   0.708791   0.354396   2.010000
   0.350275   0.700549   0.350275   2.020000
   0.346154   0.692308   0.346154   2.030000
   0.342033   0.684066   0.342033   2.040000
   0.337912   0.675824   0.337912   2.050000
   0.333791   0.667582   0.333791   2.060000
   0.329670   0.659341   0.329670   2.070000
   0.325549   0.651099   0.325549   2.080000
   0.321429   0.642857   0.321429   2.090000
   0.317308   0.634615   0.317308   2.100000
   0.313187   0.626374   0.313187   2.110000
   0.309066   0.618132   0.309066   2.120000
   0.304945   0.609890   0.304945   2.130000
   0.300824   0.601648   0.300824   2.140000
   0.296703   0.593407   0.296703   2.150000
   0.292582   0.585165   0.292582   2.160000
   0.288462   0.576923   0.288462   2.170000
   0.284341   0.568681   0.284341   2.180000
   0.280220   0.560440   0.280220   2.190000
   0.276099   0.552198   0.276099   2.200000
   0.271978   0.543956   0.271978   2.210000
   0.267857   0.535714   0.267857   2.220000
   0.263736   0.527473   0.263736   2.230000
   0.259615   0.519231   0.259615   2.240000
   0.255495   0.510989   0.255495   2.250000
   0.251374   0.502747   0.251374   2.260000
   0.247253   0.494505   0.247253   2.270000
   0.243132   0.486264   0.243132   2.280000
   0.239011   0.478022   0.239011   2.290000
   0.234890   0.469780   0.234890   2.300000
   0.230769   0.461538   0.230769   2.310000
   0.226648   0.453297   0.226648   2.320000
   0.222527   0.445055   0.222527   2.330000
   0.218407   0.436813   0.218407   2.340000
   0.214286   0.428571   0.214286   2.350000
   0.210165   0.420330   0.210165   2.360000
   0.206044   0.412088   0.206044   2.370000
   0.201923   0.403846   0.201923   2.380000
   0.197802   0.395604   0.197802   2.390000
   0.193681   0.387363   0.193681   2.400000
   0.189560   0.379121   0.189560   2.410000
   0.185440   0.370879   0.185440   2.420000
   0.181319   0.362637   0.181319   2.430000
   0.177198   0.354396   0.177198   2.440000
   0.173077   0.346154   0.173077   2.450000
   0.168956   0.337912   0.168956   2.460000
   0.164835   0.329670   0.164835   2.470000
   0.160714   0.321429   0.160714   2.480000
   0.156593   0.313187   0.156593   2.490000
   0.152473   0.304945   0.152473   2.500000
   0.148352   0.296703   0.148352   2.510000
   0.144231   0.288462   0.144231   2.520000
   0.140110   0.280220   0.140110   2.530000
   0.135989   0.271978   0.135989   2.540000
   0.131868   0.263736   0.131868   2.550000
   0.127747   0.255495   0.127747   2.560000
   0.123626   0.247253   0.123626   2.570000
   0.119505   0.239011   0.119505   2.580000
   0.115385   0.230769   0.115385   2.590000
   0.111264   0.222527   0.111264   2.600000
   0.107143   0.214286   0.107143   2.610000
   0.103022   0.206044   0.103022   2.620000
   0.098901   0.197802   0.098901   2.630000
   0.094780   0.189560   0.094780   2.640000
   0.090659   0.181319   0.090659   2.650000
   0.086538   0.173077   0.086538   2.660000
   0.082418   0.164835   0.082418   2.670000
   0.078297   0.156593   0.078297   2.680000
   0.074176   0.148352   0.074176   2.690000
   0.070055   0.140110   0.070055   2.700000
   0.065934   0.131868   0.065934   2.710000
   0.061813   0.123626   0.061813   2.720000
   0.057692   0.115385   0.057692   2.730000
   0.053571   0.107143   0.053571   2.740000
   0.049451   0.098901   0.049451   2.750000
   0.045330   0.090659   0.045330   2.760000
   0.041209   0.082418   0.041209   2.770000
   0.037088   0.074176   0.037088   2.780000
   0.032967   0.065934   0.032967   2.790000
   0.028846   0.057692   0.028846   2.800000
   0.024725   0.049451   0.024725   2.810000
   0.020604   0.041209   0.020604   2.820000
   0.016484   0.032967   0.016484   2.830000
   0.012363   0.024725   0.012363   2.840000
   0.008242   0.016484   0.008242   2.850000
   0.004121   0.008242   0.004121   2.860000
   0.000000   0.000000   0.000000   2.870000  {/Symbol G}
