             212
  -0.500000   0.000000   0.000000   0.000000           -M
  -0.490000   0.000000   0.000000   0.010000
  -0.480000   0.000000   0.000000   0.020000
  -0.470000   0.000000   0.000000   0.030000
  -0.460000   0.000000   0.000000   0.040000
  -0.450000   0.000000   0.000000   0.050000
  -0.440000   0.000000   0.000000   0.060000
  -0.430000   0.000000   0.000000   0.070000
  -0.420000   0.000000   0.000000   0.080000
  -0.410000   0.000000   0.000000   0.090000
  -0.400000   0.000000   0.000000   0.100000
  -0.390000   0.000000   0.000000   0.110000
  -0.380000   0.000000   0.000000   0.120000
  -0.370000   0.000000   0.000000   0.130000
  -0.360000   0.000000   0.000000   0.140000
  -0.350000   0.000000   0.000000   0.150000
  -0.340000   0.000000   0.000000   0.160000
  -0.330000   0.000000   0.000000   0.170000
  -0.320000   0.000000   0.000000   0.180000
  -0.310000   0.000000   0.000000   0.190000
  -0.300000   0.000000   0.000000   0.200000
  -0.290000   0.000000   0.000000   0.210000
  -0.280000   0.000000   0.000000   0.220000
  -0.270000   0.000000   0.000000   0.230000
  -0.260000   0.000000   0.000000   0.240000
  -0.250000   0.000000   0.000000   0.250000
  -0.240000   0.000000   0.000000   0.260000
  -0.230000   0.000000   0.000000   0.270000
  -0.220000   0.000000   0.000000   0.280000
  -0.210000   0.000000   0.000000   0.290000
  -0.200000   0.000000   0.000000   0.300000
  -0.190000   0.000000   0.000000   0.310000
  -0.180000   0.000000   0.000000   0.320000
  -0.170000   0.000000   0.000000   0.330000
  -0.160000   0.000000   0.000000   0.340000
  -0.150000   0.000000   0.000000   0.350000
  -0.140000   0.000000   0.000000   0.360000
  -0.130000   0.000000   0.000000   0.370000
  -0.120000   0.000000   0.000000   0.380000
  -0.110000   0.000000   0.000000   0.390000
  -0.100000   0.000000   0.000000   0.400000
  -0.090000   0.000000   0.000000   0.410000
  -0.080000   0.000000   0.000000   0.420000
  -0.070000   0.000000   0.000000   0.430000
  -0.060000   0.000000   0.000000   0.440000
  -0.050000   0.000000   0.000000   0.450000
  -0.040000   0.000000   0.000000   0.460000
  -0.030000   0.000000   0.000000   0.470000
  -0.020000   0.000000   0.000000   0.480000
  -0.010000   0.000000   0.000000   0.490000
   0.000000   0.000000   0.000000   0.500000  {/Symbol G}
   0.010000   0.000000   0.000000   0.510000
   0.020000   0.000000   0.000000   0.520000
   0.030000   0.000000   0.000000   0.530000
   0.040000   0.000000   0.000000   0.540000
   0.050000   0.000000   0.000000   0.550000
   0.060000   0.000000   0.000000   0.560000
   0.070000   0.000000   0.000000   0.570000
   0.080000   0.000000   0.000000   0.580000
   0.090000   0.000000   0.000000   0.590000
   0.100000   0.000000   0.000000   0.600000
   0.110000   0.000000   0.000000   0.610000
   0.120000   0.000000   0.000000   0.620000
   0.130000   0.000000   0.000000   0.630000
   0.140000   0.000000   0.000000   0.640000
   0.150000   0.000000   0.000000   0.650000
   0.160000   0.000000   0.000000   0.660000
   0.170000   0.000000   0.000000   0.670000
   0.180000   0.000000   0.000000   0.680000
   0.190000   0.000000   0.000000   0.690000
   0.200000   0.000000   0.000000   0.700000
   0.210000   0.000000   0.000000   0.710000
   0.220000   0.000000   0.000000   0.720000
   0.230000   0.000000   0.000000   0.730000
   0.240000   0.000000   0.000000   0.740000
   0.250000   0.000000   0.000000   0.750000
   0.260000   0.000000   0.000000   0.760000
   0.270000   0.000000   0.000000   0.770000
   0.280000   0.000000   0.000000   0.780000
   0.290000   0.000000   0.000000   0.790000
   0.300000   0.000000   0.000000   0.800000
   0.310000   0.000000   0.000000   0.810000
   0.320000   0.000000   0.000000   0.820000
   0.330000   0.000000   0.000000   0.830000
   0.340000   0.000000   0.000000   0.840000
   0.350000   0.000000   0.000000   0.850000
   0.360000   0.000000   0.000000   0.860000
   0.370000   0.000000   0.000000   0.870000
   0.380000   0.000000   0.000000   0.880000
   0.390000   0.000000   0.000000   0.890000
   0.400000   0.000000   0.000000   0.900000
   0.410000   0.000000   0.000000   0.910000
   0.420000   0.000000   0.000000   0.920000
   0.430000   0.000000   0.000000   0.930000
   0.440000   0.000000   0.000000   0.940000
   0.450000   0.000000   0.000000   0.950000
   0.460000   0.000000   0.000000   0.960000
   0.470000   0.000000   0.000000   0.970000
   0.480000   0.000000   0.000000   0.980000
   0.490000   0.000000   0.000000   0.990000
   0.500000   0.000000   0.000000   1.000000            M
   0.504503   0.009008   0.000000   1.010000
   0.509005   0.018016   0.000000   1.020000
   0.513508   0.027024   0.000000   1.030000
   0.518011   0.036032   0.000000   1.040000
   0.522514   0.045041   0.000000   1.050000
   0.527016   0.054049   0.000000   1.060000
   0.531519   0.063057   0.000000   1.070000
   0.536022   0.072065   0.000000   1.080000
   0.540524   0.081073   0.000000   1.090000
   0.545027   0.090081   0.000000   1.100000
   0.549530   0.099089   0.000000   1.110000
   0.554032   0.108097   0.000000   1.120000
   0.558535   0.117105   0.000000   1.130000
   0.563038   0.126114   0.000000   1.140000
   0.567541   0.135122   0.000000   1.150000
   0.572043   0.144130   0.000000   1.160000
   0.576546   0.153138   0.000000   1.170000
   0.581049   0.162146   0.000000   1.180000
   0.585551   0.171154   0.000000   1.190000
   0.590054   0.180162   0.000000   1.200000
   0.594557   0.189170   0.000000   1.210000
   0.599059   0.198178   0.000000   1.220000
   0.603562   0.207186   0.000000   1.230000
   0.608065   0.216195   0.000000   1.240000
   0.612568   0.225203   0.000000   1.250000
   0.617070   0.234211   0.000000   1.260000
   0.621573   0.243219   0.000000   1.270000
   0.626076   0.252227   0.000000   1.280000
   0.630578   0.261235   0.000000   1.290000
   0.635081   0.270243   0.000000   1.300000
   0.639584   0.279251   0.000000   1.310000
   0.644086   0.288259   0.000000   1.320000
   0.648589   0.297268   0.000000   1.330000
   0.653092   0.306276   0.000000   1.340000
   0.657595   0.315284   0.000000   1.350000
   0.662097   0.324292   0.000000   1.360000
   0.666600   0.333300   0.000000   1.370000            K
   0.657592   0.328796   0.000000   1.380000
   0.648584   0.324292   0.000000   1.390000
   0.639576   0.319788   0.000000   1.400000
   0.630568   0.315284   0.000000   1.410000
   0.621559   0.310780   0.000000   1.420000
   0.612551   0.306276   0.000000   1.430000
   0.603543   0.301772   0.000000   1.440000
   0.594535   0.297268   0.000000   1.450000
   0.585527   0.292764   0.000000   1.460000
   0.576519   0.288259   0.000000   1.470000
   0.567511   0.283755   0.000000   1.480000
   0.558503   0.279251   0.000000   1.490000
   0.549495   0.274747   0.000000   1.500000
   0.540486   0.270243   0.000000   1.510000
   0.531478   0.265739   0.000000   1.520000
   0.522470   0.261235   0.000000   1.530000
   0.513462   0.256731   0.000000   1.540000
   0.504454   0.252227   0.000000   1.550000
   0.495446   0.247723   0.000000   1.560000
   0.486438   0.243219   0.000000   1.570000
   0.477430   0.238715   0.000000   1.580000
   0.468422   0.234211   0.000000   1.590000
   0.459414   0.229707   0.000000   1.600000
   0.450405   0.225203   0.000000   1.610000
   0.441397   0.220699   0.000000   1.620000
   0.432389   0.216195   0.000000   1.630000
   0.423381   0.211691   0.000000   1.640000
   0.414373   0.207186   0.000000   1.650000
   0.405365   0.202682   0.000000   1.660000
   0.396357   0.198178   0.000000   1.670000
   0.387349   0.193674   0.000000   1.680000
   0.378341   0.189170   0.000000   1.690000
   0.369332   0.184666   0.000000   1.700000
   0.360324   0.180162   0.000000   1.710000
   0.351316   0.175658   0.000000   1.720000
   0.342308   0.171154   0.000000   1.730000
   0.333300   0.166650   0.000000   1.740000
   0.324292   0.162146   0.000000   1.750000
   0.315284   0.157642   0.000000   1.760000
   0.306276   0.153138   0.000000   1.770000
   0.297268   0.148634   0.000000   1.780000
   0.288259   0.144130   0.000000   1.790000
   0.279251   0.139626   0.000000   1.800000
   0.270243   0.135122   0.000000   1.810000
   0.261235   0.130618   0.000000   1.820000
   0.252227   0.126114   0.000000   1.830000
   0.243219   0.121609   0.000000   1.840000
   0.234211   0.117105   0.000000   1.850000
   0.225203   0.112601   0.000000   1.860000
   0.216195   0.108097   0.000000   1.870000
   0.207186   0.103593   0.000000   1.880000
   0.198178   0.099089   0.000000   1.890000
   0.189170   0.094585   0.000000   1.900000
   0.180162   0.090081   0.000000   1.910000
   0.171154   0.085577   0.000000   1.920000
   0.162146   0.081073   0.000000   1.930000
   0.153138   0.076569   0.000000   1.940000
   0.144130   0.072065   0.000000   1.950000
   0.135122   0.067561   0.000000   1.960000
   0.126114   0.063057   0.000000   1.970000
   0.117105   0.058553   0.000000   1.980000
   0.108097   0.054049   0.000000   1.990000
   0.099089   0.049545   0.000000   2.000000
   0.090081   0.045041   0.000000   2.010000
   0.081073   0.040536   0.000000   2.020000
   0.072065   0.036032   0.000000   2.030000
   0.063057   0.031528   0.000000   2.040000
   0.054049   0.027024   0.000000   2.050000
   0.045041   0.022520   0.000000   2.060000
   0.036032   0.018016   0.000000   2.070000
   0.027024   0.013512   0.000000   2.080000
   0.018016   0.009008   0.000000   2.090000
   0.009008   0.004504   0.000000   2.100000
   0.000000   0.000000   0.000000   2.110000  {/Symbol G}
